0.00000 5.564797544900001e+33 -1.1341242317246821e+34 -5.77644477234682e+33 0.0 709730.5523629987 0.0 0.00000 0.00000 0.00000 0.00000 149000000000.00000 0.00000 0.00000 107280000000.00000 0.00000 0.00000 0.00000 0.00000 -29690.00000 0.00000 0.00000 -34720.00000 0.00000 0.00000
95093.78484 5.564882407383861e+33 -1.1341327197359763e+34 -5.776444789975902e+33 -16553.186617546387 709730.5523629986 0.0 0.00000 208.75747 0.00000 -2823334471.86541 148972964059.64447 0.00000 -3301656209.60482 107227850000.00000 0.00000 -0.00006 0.00439 0.00000 -29684.61301 -568.56638 0.00000 -34703.12113 -1096.56579 0.00000
190218.12620 5.565137044577025e+33 -1.1341581887492685e+34 -5.77644484291566e+33 -33111.69227639103 709730.5523629987 0.0 -10.93553 835.15508 0.00000 -5646551134.40798 148891830994.10245 0.00000 -6601161643.66003 107071379805.40251 0.00000 -0.00023 0.00878 0.00000 -29668.44689 -1137.11546 0.00000 -34652.47549 -2192.49875 0.00000
285433.98619 5.565561767469638e+33 -1.13420066988837e+34 -5.776444931414063e+33 -49686.128788192844 709730.5523629987 0.0 -43.78436 1879.96810 0.00000 -8470430652.31774 148756473229.37363 0.00000 -9897409190.19735 106810429068.15184 0.00000 -0.00052 0.01316 0.00000 -29641.47583 -1705.81088 0.00000 -34568.00366 -3287.51251 0.00000
380801.93554 5.566157197955049e+33 -1.134260225389171e+34 -5.77644505593666e+33 -66287.03983198725 709730.5523629987 0.0 -109.62937 3344.74584 0.00000 -11295731586.48677 148566644535.46756 0.00000 -13189248035.70914 106444666662.04218 0.00000 -0.00092 0.01755 0.00000 -29603.65016 -2274.81185 0.00000 -34449.58588 -4381.30636 0.00000
476381.93880 5.566924261210718e+33 -1.1343369478376918e+34 -5.7764452171662e+33 -82924.86357022291 709730.5523629986 0.0 -219.72079 5231.79378 0.00000 -14123177861.62569 148321981845.87170 0.00000 -16475458355.21316 105973595755.74126 0.00000 -0.00144 0.02193 0.00000 -29554.89664 -2844.27070 0.00000 -34297.04360 -5473.55691 0.00000
572233.14861 5.567864174947975e+33 -1.1344309590950185e+34 -5.77644541600221e+33 -99609.89683714414 709730.5523629987 0.0 -385.53718 7544.14835 0.00000 -16953446587.29116 148022007807.68414 0.00000 -19754726670.34159 105396560984.63617 0.00000 -0.00208 0.02631 0.00000 -29495.11900 -3414.33045 0.00000 -34110.14167 -6563.91008 0.00000
668413.71171 5.568978435643711e+33 -1.1345424089204286e+34 -5.776445653560575e+33 -116352.26136340358 709730.5523629987 0.0 -618.84504 10285.54469 0.00000 -19787156336.42421 147666134027.24530 0.00000 -23025622077.84996 104712757645.43655 0.00000 -0.00283 0.03069 0.00000 -29424.19857 -3985.12244 0.00000 -33888.59116 -7651.97323 0.00000
764980.58886 5.570268801889953e+33 -1.1346714733063064e+34 -5.776445931173111e+33 -133161.8724356573 709730.5523629986 0.0 -931.75657 13460.37774 0.00000 -22624855972.41827 147253664968.71857 0.00000 -26286573532.12691 103921242821.47130 0.00000 -0.00371 0.03506 0.00000 -29341.99505 -4556.76414 0.00000 -33632.05273 -8737.30768 0.00000
861989.39066 5.571737275014675e+33 -1.1348183525401736e+34 -5.776446250387061e+33 -150048.41031546833 709730.5523629987 0.0 -1336.78538 17073.65701 0.00000 -25467014100.81559 146783802457.32526 0.00000 -29535848343.94723 103020948333.92554 0.00000 -0.00470 0.03942 0.00000 -29248.34735 -5129.35705 0.00000 -33340.14062 -9819.42153 0.00000
